6480144
2546295
2238260
8883092
5972199
4618534
5931583
5056910
8029865
8100922
5014277
7280227
4425203
6085979
9733822
4429373
7611308
7937247
5236542
6540045
3794474
5536718
8168674
384182
9337094
7669751
5141269
6438928
5465717
6926376
7735128
7021121
9771688
8573656
3159022
9858896
9265530
4038305
319660
2163780
1156623
8374015
2417008
4358427
7828863
318271
9563830
7493217
3121955
523307
6429815
3796175
3873138
8329790
5143950
1598284
2518871
518541
4116278
1469332
9349635
8309327
1426568
1500018
6578813
1478053
7006309
175049
5945890
943457
1548995
9369382
8543294
5419010
5976493
5963542
4124931
298384
5551170
9084289
7826232
6194060
6086550
6671642
7764385
2982151
4622435
6617034
2897259
9318616
3240955
5199907
766925
3054121
7720926
6222981
4388430
8344781
9819105
7865583
9583811
8099206
3924472
4875930
9207829
8294435
1063738
416561
4845697
3936013
4574280
6826343
5853443
4609801
6954905
6863973
7123796
4003778
1148294
5330047
8613802
6545683
8135640
2681142
142890
2709963
9779641
7386514
2631312
523318
4495195
2932988
453633
4977603
1232137
574274
1612007
191523
2846484
162736
8416697
1605882
2809321
6207333
9724379
4597145
3925884
3700837
9167902
3794132
2297071
5351778
300505
6471082
6237888
338966
2525479
9024028
5662904
7602823
1122845
7295450
9074549
4946275
7943272
5391956
8001624
200815
7771524
5659716
4758226
5907388
9234097
8772051
8440821
9806514
9397260
4363670
1443624
9196906
970482
5788999
8454987
1674634
5152917
8402145
3076576
8405067
9816242
8068728
5352209
8144269
1010460
1652681
3983576
9892667
7934757
5298647
8959429
1003849
9900857
7938469
3041287
9975748
584604
8860817
8567178
7395790
1021223
8006978
3846255
4550381
2430915
3973058
6251774
3028264
5423714
9691909
1193834
7381444
7821795
6573294
5242167
6412804
9790299
4308233
5092384
2210435
2556326
6154692
6290233
8336914
7969947
9772733
8104519
3341485
2608900
1856744
8685615
3920456
8915767
4084194
9132943
3439663
5690010
6806530
9602403
2209313
3425114
2459605
4262889
8763182
4769297
1670511
7311985
5121776
8901603
5582690
2452205
2051940
8893533
3826386
77927
3770633
7344879
2060287
8595465
6753940
1971938
8298023
7817318
8874995
5801760
1365300
4715566
805395
5389929
7115677
6033181
7928756
9118581
7504610
1687795
4258060
2539790
4330386
243759
736367
5256493
973269
8613096
2497979
2563097
3261983
5687003
933271
6793060
7107521
8798531
7379866
9751182
1012551
1732110
5764371
7709642
8434306
8787767
5708905
4531954
5905664
4459321
8958561
6037325
8274525
9041088
6736539
6241430
9577116
7924432
3183093
9230655
9833902
4100152
8152330
3001511
762341
9218008
7763575
9422989
8522984
9258350
6664061
3357202
9888821
9117868
2396574
6685829
9248639
2693183
6578585
1009252
9427872
2067838
7432699
2481110
2619675
673977
4431271
4584982
5654117
8496807
1707105
965032
5682114
5510944
2431809
7650057
2585556
754984
5676896
7728929
5719906
9618279
725092
3516760
9824668
6559733
1270998
5542335
1189381
4598099
2865017
4652128
8764751
9236632
6606898
5313984
2040367
254844
7305085
5094458
350132
2075453
5532475
6616295
5660458
4722902
1493584
3238699
2794048
2336369
9195696
8875173
6165959
9294010
6252463
7390006
9475398
5111968
899676
9137238
9871889
7231259
5239124
9660395
4526156
3623274
5010167
6025187
4486357
2295306
7213746
9442057
7872095
4165866
127302
9808579
3268875
2961828
125085
9967228
7193417
4128970
2225743
9847940
8374302
1791051
6973724
8972883
637259
6586739
7627166
5617936
5861113
2805014
7767825
902841
6015203
5059143
5447973
5986495
5346578
3440126
1638920
4517783
8960547
5180778
7986671
8869723
3137354
9898345
7369031
1572371
5811450
1632391
368128
4355944
6268661
3561150
7547091
4198660
609457
4854950
3189514
6795016
9604308
2022520
522743
6204646
306516
5302784
4354522
539031
3603037
4901630
2091436
5873712
6583100
3512322
9252666
166311
2383562
2588813
585720
3178061
8532600
5139527
98256
4492744
5430479
7161240
2499646
4372128
126031
4348476
5896762
4462069
297926
8823763
472062
3373696
9124156
1310936
89892
1376046
5085768
5012812
8047740
2276221
3196610
673912
9060591
6798937
5757802
8045416
618575
6820158
8639375
4743526
4261229
6781569
4586440
2768602
2954140
7101634
9039796
269723
3481399
1474349
2513264
9101475
9557087
7640922
8077789
6288064
7035492
8833918
5160313
9242133
3198465
134925
972056
4790736
2388600
1181735
8712903
4873656
3113924
8090010
3671278
5778342
3290500
7624999
5583916
3376251
1982577
2763458
8994453
6298577
6150964
5323042
8868769
8504028
2574886
9527536
7687000
8618174
2372000
6552325
2326750
9649699
9708479
689215
9338550
286473
6922283
2347605
5052305
2163027
4773888
9148807
2494074
1165879
4833732
3148691
8503094
7754485
8614943
1627795
322720
4059089
6168727
8924147
8691063
6096275
2597337
2234178
9470098
4308336
7101973
9755510
5409486
8991247
6939072
7005843
7592168
7890117
1168437
6668869
5446582
8326413
8539746
7872826
5240652
3509891
1366448
6514501
9041854
4730409
4378832
7597201
6485878
8513923
1700624
1023461
1311262
9845287
1357690
256074
5454919
1177498
1411411
3078690
1256903
645753
2119480
2955518
8295840
4315506
8026991
4292818
1282333
1817312
9920982
2195786
5399893
2814384
9836039
6847016
3474618
7131898
4805067
6493608
4337529
7241499
4224019
4762335
9448264
8793112
9384033
6382382
3404875
4125384
7517904
4450055
676357
8240223
136207
1728022
121942
9903406
5075131
8364229
1960984
27748
4029191
7553794
5222700
1872269
7220816
2493320
3149603
3716339
8072300
4422985
3287473
2090008
8326923
9103388
4224439
6135338
7713667
9784417
7197110
3774798
7708877
9442333
5469028
7061223
9402213
7377441
6231098
6435088
52652
685738
990587
7414805
5764264
5802646
5544256
1109133
9237292
6518487
2558379
4926437
6133976
9834604
4066597
5585150
4610026
4393754
8505879
2606812
1896079
2456542
4539704
8084700
7000572
3674599
7129360
9373741
833487
4521789
8358906
1777519
4927270
9613545
204812
1429289
1269842
955289
7113767
2754681
183395
9970557
2172875
9498580
7796280
9921056
490893
763709
8508988
7022131
3739260
5233459
314002
927156
9637977
3148853
1964863
3278097
9295012
1302946
7956011
9119494
3299896
5069464
5975385
7514001
8861834
6433316
8431782
3795040
843427
5783739
5477413
9691498
9566288
3932617
8134111
3799674
6353986
2010260
420987
2171899
1020611
2137152
6147168
9298282
9298076
8775078
3106987
3334673
4459274
697856
9135635
5821900
1005517
7343852
7071713
5821789
3622125
6239774
6229538
3677463
8536193
9078411
5616271
7428037
7509531
4276957
3097996
264994
83548
5914097
9656462
8000535
6766910
9867511
6374123
5959352
9743983
8288740
8443802
7236885
4549717
1512775
3765861
6727694
6182562
6451045
6538850
4284726
4786954
5185648
3122214
2306446
3029460
1032969
3704835
2837804
9270118
54428
6523471
7243808
3135327
3311860
9732996
8822868
5475319
1439436
3733640
2993522
3112034
5059351
5641125
5202261
300150
4290950
8302783
8109996
5057931
5413263
9864672
8986627
3703916
1302077
932823
786996
1570962
8941701
5308693
1467605
1182053
8314914
5325249
2940666
8707833
1995536
7055369
290739
2210831
4485389
5820651
5498868
5941812
1468078
3460407
1344443
9719220
4546181
8954091
8899319
2238821
5162301
9317919
5219032
9932025
230280
8939011
5982845
4651708
2943518
1645788
2301376
1274230
9222089
932275
1439684
4018224
1779120
79016
1413552
9080508
2221498
3820088
9710682
43538
1101668
5533467
6962772
3684908
3798998
2598341
6591226
7558396
5464002
8685521
1584969
9599395
9909486
9676829
25598
8604788
2344989
3980743
470407
3573484
598054
4281047
3216214
9765930
5831861
1050564
6525912
3673269
5984274
3146012
8199680
2473988
2074051
5999529
7494545
7086222
5100428
1951407
3655866
5914175
878455
6132973
6244142
3223775
702308
8921945
6547145
2488249
1709545
7256773
7296158
8057094
4507490
3724695
9950220
4453013
634604
4085085
5494906
3297557
228465
7132178
7138018
7423471
881958
3635443
3933946
9971580
1411902
1736040
3607480
9672364
7046545
3331799
6496782
7264937
2659654
715155
3518070
862036
1452510
128742
2590980
9067202
7852909
6618945
8753278
4662954
1122159
4206903
3110612
3981444
3611514
7418983
9333009
541510
518592
1074095
1890980
215459
342556
6923547
8727723
1409620
748981
4851941
