1050
1116
1146
1279
1352
1395
1567
1592
1800
2427
2583
2596
2651
2715
2905
2979
3044
3076
3109
3117
3196
3275
3337
3422
3441
3522
3863
3868
4102
4109
4159
4177
4633
4711
4888
4996
5008
5096
5163
5296
5386
5630
5633
5704
5800
5831
5855
5986
6103
6322
6451
6538
6783
7209
7233
7260
7265
7296
7333
7381
7472
7478
7549
7639
7781
7809
7820
7863
7968
8157
8171
8233
8364
8541
8694
8980
9007
9045
9169
9369
9418
9436
9447
9485
9525
9724
9777
9848
9848
9969
10063
10094
10100
10238
10315
10329
10341
10343
10638
10670
10868
11073
11231
11271
11340
11480
11565
11570
11678
11725
11741
11857
11897
11912
11937
12047
12125
12402
12520
12646
12683
12691
12806
12830
12915
12922
12925
12997
13125
13309
13353
13359
13492
13516
13684
13862
13906
13972
13991
14030
14071
14119
14133
14158
14340
14356
14583
14647
14662
14663
14731
14764
14862
14883
14986
15108
15181
15329
15409
15426
15815
15884
16021
16217
16299
16333
16659
16660
16730
16862
17074
17305
17451
17734
17743
17838
17843
17860
17974
17987
18042
18103
18230
18288
18298
18399
18442
18480
18519
18801
18865
18956
19028
19371
19666
19765
20032
20068
20162
20269
20310
20475
20483
20553
20687
20935
21145
21203
21261
21947
21961
21985
22020
22163
22253
22294
22405
22601
22655
22759
22796
22845
22855
22934
22966
23168
23465
23509
23536
23595
23603
23699
24025
24111
24679
24758
24880
25024
25061
25186
25198
25409
25514
25633
25742
25866
25899
26229
26397
26500
26518
26609
26618
26663
26809
26870
26975
27080
27122
27298
27371
27496
27567
27676
27693
27937
28013
28162
28190
28352
28367
28556
28663
28689
28710
28938
29094
29485
29511
29522
29526
29699
29837
29877
29887
29962
30001
30024
30305
30364
30526
30537
30544
30677
30737
30780
30833
30857
31002
31019
31047
31141
31166
31423
31513
31549
31650
31727
31855
31863
32024
32074
32184
32218
32259
32302
32436
32542
32598
32620
32774
32794
32805
33018
33034
33086
33101
33266
33370
33401
33426
33435
33441
33545
33728
33852
33898
33954
34166
34429
34527
34709
34711
34748
34838
35026
35050
35079
35110
35262
35296
35302
35358
35477
35640
35647
35776
35800
35807
35956
36000
36238
36362
36794
36821
36828
37055
37094
37104
37299
37375
37416
37526
37581
37598
37669
37695
38172
38185
38519
38664
38727
38776
38817
38843
38971
39010
39042
39108
39152
39185
39226
39250
39401
39544
39583
39624
39634
39644
40105
40123
40218
40240
40253
40380
40470
40506
40566
40792
40915
40998
41012
41016
41056
41057
41071
41117
41220
41271
41448
41484
41777
41813
41974
42017
42032
42100
42261
42312
42461
42466
42522
42577
42931
43020
43228
43228
43239
43390
43391
43507
43644
43958
44044
44278
44476
44575
44585
44628
44730
44740
44813
44890
45062
45161
45190
45226
45362
45519
45737
45829
45928
45986
46186
46221
46534
46565
46590
46635
46713
46783
46838
46845
46892
47015
47046
47248
47275
47321
47532
47545
47708
47813
48110
48158
48169
48287
48308
48442
48482
48578
48780
48853
48867
48890
48996
49140
49150
49454
49527
49578
49595
49640
49728
49861
49864
49882
49888
49929
50006
50096
50362
50398
50453
50624
50727
50800
50892
50925
51248
51317
51542
51586
51647
51746
51812
51894
51910
51910
51967
52109
52275
52304
52414
52512
52537
52570
52707
52710
53121
53214
53406
53409
53457
53677
53685
53848
54017
54067
54068
54129
54180
54188
54246
54344
54357
54503
54538
54649
54888
55229
55424
55451
55452
55458
55470
55482
55589
55642
55681
55937
56265
56291
56292
56332
56403
56482
56529
56662
56748
56853
56905
56928
57024
57461
57512
57649
57890
57909
58109
58443
58651
58753
58778
58843
58976
59180
59218
59396
59530
59849
59970
60052
60193
60361
60490
60497
60585
60682
60773
60846
60911
60950
61058
61093
61129
61154
61356
61536
61612
61659
61668
61827
61978
61999
62128
62347
62475
62543
62768
62866
63141
63281
63323
63515
63556
63608
63656
63712
63733
63756
63805
63880
63939
64010
64029
64037
64085
64242
64327
64346
64431
64433
64511
64695
64886
64938
65009
65062
65069
65303
65536
65619
65648
65649
65654
65679
65784
65785
65844
65863
66059
66290
66313
66353
66378
66401
66480
66707
66707
66758
66960
67250
67304
67417
67453
67558
67583
67666
67670
67886
67888
67946
68067
68185
68189
68305
68348
68512
68524
68820
68965
69000
69212
69264
69440
69452
69459
69514
69656
69743
69784
69838
69866
70003
70012
70383
70508
70539
70676
70795
70976
71099
71116
71276
71276
71335
71338
71436
71630
71639
71734
71742
71756
71779
71803
71876
71918
71981
72076
72113
72159
72180
72305
72352
72503
72515
72873
72889
73025
73053
73095
73177
73266
73284
73660
73760
73911
73997
74110
74117
74256
74281
74307
74342
74454
74684
74828
75065
75480
75701
75804
75875
76021
76180
76226
76248
76265
76366
76713
76777
76783
76807
76830
76862
76951
77009
77120
77187
77195
77221
77398
77482
77485
77582
77597
77614
77891
77898
77997
78066
78373
78403
78500
78599
78646
78671
78906
79034
79042
79160
79169
79365
79399
79487
79488
79909
80040
80384
80390
80424
80524
80693
80725
80786
80823
80975
81151
81332
81426
81619
81686
81728
81733
81734
81756
81841
82082
82191
82192
82239
82275
82322
82405
82439
82541
82555
82577
82626
82886
83044
83126
83130
83154
83182
83183
83262
83327
83384
83556
83775
83795
83992
84002
84064
84173
84248
84497
84826
84913
84967
85067
85096
85160
85229
85274
85277
85295
85315
85534
85539
85781
85858
85869
85960
86225
86404
86732
86860
86972
87085
87085
87117
87131
87145
87199
87314
87331
87370
87374
87731
87787
87851
87975
88017
88183
88361
88450
88691
88707
88857
88915
88993
89117
89213
89270
89647
89667
89771
89795
89891
89985
89998
90208
90221
90359
90375
90503
90518
90604
90654
90878
90900
91193
91216
91220
91241
91321
91329
91353
91810
91902
91970
92311
92488
92874
92902
92997
93014
93124
93159
93166
93279
93354
93379
93471
93510
93623
93937
94000
94050
94094
94134
94184
94202
94251
94613
94648
94774
94871
94920
94928
94962
95001
95006
95061
95294
95413
95443
95573
95581
95650
95699
95828
95855
96465
96517
96703
96842
96846
96869
96895
96951
97194
97293
97376
97469
97483
97604
97672
97826
97872
98147
98294
98322
98330
98359
98397
98544
98665
98677
98862
98889
98941
99095
99323
99419
99468
99553
99587
99653
99764
99777
99972
